.Random.seed <-
c(403L, 10L, -1123200620L, 100311063L, -990611443L, -1450382044L, 
-986228470L, -1999556491L, -1833804849L, 1890176214L, 374701184L, 
-160259389L, -1741484959L, 499805392L, -377749970L, 1063223257L, 
-1189584917L, 1765963354L, -1921019876L, -1074647777L, -1970090635L, 
-2062173172L, 139140578L, -731423043L, 475609399L, -1635574306L, 
954331928L, -1521796485L, -208930791L, -543919960L, -298995114L, 
-1755840815L, -333148541L, 1605272850L, 2144989348L, 50983015L, 
-1671347779L, -560280780L, -45367142L, -1729313051L, 1560965247L, 
-845878778L, -1816078960L, 1778329651L, 126683089L, 1947110784L, 
613580894L, 2058104745L, -460966309L, -22246806L, -1169377524L, 
-1593605809L, -925148667L, 913549500L, -831815278L, -885532019L, 
778864839L, -795427410L, -695031800L, -78300149L, -1182033687L, 
1507604408L, -375058330L, -1665081087L, 1811953555L, 1500727362L, 
-305537036L, 93207031L, 1525935597L, -170787196L, -903667542L, 
1284189717L, 1595347631L, -1829328714L, 1071982304L, 1227971107L, 
-266975935L, 1302263856L, -1390828978L, -2032449863L, -842054965L, 
1264874362L, 357573244L, 1694635711L, -750149739L, 986388396L, 
1197565314L, 669977437L, 754828887L, 658117950L, -2114632328L, 
1922004571L, 1551040953L, 1610187784L, 366837430L, -1683296783L, 
639312931L, -598213518L, 587603652L, -1107052409L, 2036587613L, 
-1045872044L, 1178736762L, 1462795205L, -1177563873L, 820927654L, 
2020838960L, -33508141L, -275023119L, 1195239968L, 981503166L, 
-1996007223L, 122948219L, 574832714L, 2124419244L, 1155499951L, 
478573413L, 1728833820L, 222089586L, 731001325L, 257463847L, 
-546695602L, -754910552L, -1187669845L, 1067819465L, 1000795608L, 
1471528070L, 1880908129L, -447978253L, 969894754L, -736172588L, 
-526487337L, -1159372083L, 1910948452L, -1624516534L, 899804597L, 
1321283855L, 529829398L, -115111744L, 425754243L, 516340385L, 
-1109480304L, 1916135278L, -1809194727L, 553836971L, -2117656678L, 
-1835471012L, -1276453281L, 818155061L, -218010164L, 243477794L, 
880269181L, 1452928119L, -1031622242L, -1937291176L, 543421883L, 
-1508770983L, 1739827432L, 1699309846L, 2015296145L, 1708848963L, 
-2123447726L, 1818232036L, 2098360103L, -535901315L, -887001484L, 
-591351718L, 2040932517L, 1769224895L, -1495563962L, -1780533296L, 
277635571L, 1213713681L, -45668032L, -27838178L, 859258345L, 
952512283L, -73549526L, 1595134540L, 1352478223L, 25051461L, 
792832764L, -500301486L, 633284301L, 653614727L, -1297880722L, 
2005427016L, 1135613771L, 758161065L, -320764936L, 1133861670L, 
-2057384895L, 653573587L, -532828286L, -1279925324L, -897328329L, 
846936621L, -403342524L, -352268182L, -1947096363L, -2031094673L, 
957082998L, -1059834208L, -182439069L, -1771595775L, -321625232L, 
781355790L, 1392682361L, -33619701L, 2126627386L, -1672144580L, 
1299625599L, -1031168555L, 1944032236L, 1472693570L, -62072163L, 
-1643546857L, -2145626498L, -2040228296L, -1313509093L, -1499556231L, 
-926690616L, 1399415542L, -1367528655L, -407544989L, -1763348174L, 
-1150086524L, 1456307911L, -1397160547L, -2008375484L, -2111620008L, 
-39780806L, 1228085488L, -1904736580L, 670589460L, -422124350L, 
-120792480L, 2063491452L, 1022549200L, -35033054L, -1606077272L, 
-1187597940L, -322817604L, -1344361422L, -70873280L, -442234188L, 
1604844872L, -2069399878L, 188934928L, 1981683948L, 1292577876L, 
1822159634L, 2112843168L, 1509296076L, 1345477472L, -2095346494L, 
686518824L, -1838834260L, 778523452L, -273023118L, -1821880528L, 
1380789284L, -236563912L, -1441032486L, 858243984L, -1793769220L, 
1634961812L, 208169794L, 1454551552L, -1711418308L, -43283888L, 
1646662818L, -1066903736L, 1115104780L, -703674660L, -1658339246L, 
1906131072L, -885152940L, 1374090216L, -530185478L, -111202480L, 
-2023043028L, 1254912372L, 5814930L, 288461408L, -665490292L, 
489332064L, -696762142L, -527234904L, -489807156L, 215770620L, 
334903218L, -161792016L, -469492284L, -766084776L, 855977338L, 
1311747504L, -1492002372L, -737277356L, 480091586L, 1700035360L, 
388012988L, -1100241840L, -461240350L, -802624664L, -211290292L, 
1974393596L, -2083237134L, -1445256960L, 1580745844L, -1445283320L, 
-154594886L, -1097164336L, 1076466668L, -21407852L, 1726706898L, 
-739241888L, -1135531700L, -908423392L, 1466356354L, -912387608L, 
1945760748L, 1903074876L, 99189362L, 1196230512L, 1096311076L, 
889310776L, 1014472090L, 1123497424L, 12243388L, -821663084L, 
-1222257022L, -644154944L, 1313005372L, 1353680528L, -84315358L, 
-35533304L, 725866252L, 281386908L, 652888082L, -899124352L, 
1418567444L, -78161624L, 340600890L, -2015778864L, 2087395948L, 
-1619086284L, 1143921810L, 1012442464L, -979824308L, 907891168L, 
1751631778L, -1360777304L, 93715596L, -1912005700L, -984416142L, 
-1787243536L, -777129916L, 126243928L, -436586438L, -1235283856L, 
-1477432772L, -917603564L, 860720834L, -371441952L, -1354222468L, 
-369139504L, 1848038306L, 1457136168L, 1129667852L, 1668246460L, 
1763011890L, 559412416L, -1514897868L, 697882312L, 204328634L, 
1284286608L, 1540975340L, -608071084L, 1774655122L, 389778208L, 
-200078388L, -522722080L, -137073982L, -342990808L, 239281068L, 
-1495989572L, 1322438130L, 1126469168L, 341280676L, -1119582792L, 
-714422438L, 868968592L, -1060584580L, -1284654316L, 1980383554L, 
1598100224L, -155306052L, -879099056L, 1569500450L, 1619920456L, 
-95074292L, -319031204L, 578077138L, 78078464L, 1321384276L, 
-609262360L, 1398406394L, -92422448L, -178916052L, -1298351884L, 
506043794L, 711856480L, 1341591564L, -258644256L, 937151074L, 
593823400L, 1629222476L, 1143948156L, 1741526322L, 865023600L, 
-941479100L, 1006334936L, 1498771322L, 1027279408L, -190145604L, 
1610056276L, -1943755710L, -401792864L, -332846404L, 1360031184L, 
-814123166L, 1787587304L, 147256524L, -1310507524L, -991729166L, 
-1312504192L, -740489740L, -1572654456L, -61288646L, -351031472L, 
640646252L, 1612756372L, -822946734L, 486922720L, -1490817844L, 
1792153760L, -1671349886L, 996264168L, 1395657452L, 244200764L, 
-1031048078L, 1705856112L, -787680220L, -1576796104L, -1519176934L, 
1132178048L, -1966194466L, 1454230443L, 1380721837L, 1612822810L, 
1590980056L, 1799116353L, -843330317L, -790406380L, 2012232354L, 
966366135L, -1466249343L, 376976774L, -1753311292L, 1714125557L, 
-1527509153L, 1891471800L, 1802152086L, 369610403L, 763719781L, 
-1557674622L, 2127787760L, -286414183L, 572640907L, -653103236L, 
1914970538L, 823503327L, 2001223529L, 647956350L, 1870434156L, 
1602106301L, -1813258105L, -1034773392L, -2095556850L, 871418939L, 
1082229533L, 1105734090L, 581587688L, -730409519L, 488466371L, 
1603891396L, -2016268430L, -1576840633L, -1243483631L, -628589674L, 
-1042952460L, 98099333L, 67765711L, 264474824L, 1471412582L, 
1465785235L, -1508670219L, 2124657874L, 768762656L, -1257833719L, 
1276492859L, 1542676876L, 1717270554L, 1193608335L, -1637381159L, 
1814850670L, 1481363452L, -773085843L, -755106025L, 792174304L, 
-1655595842L, -1075291509L, 895742221L, 125941050L, -352553608L, 
-1304150239L, 1203853267L, -6783244L, -1437655166L, 1196205591L, 
-527594271L, 1750178342L, 786537252L, 1014715349L, -2087681153L, 
-547330536L, -881414858L, 939221955L, -619951611L, -1887481438L, 
-1765935728L, -1777322695L, -12828181L, 1947583196L, -1613945078L, 
-2100581889L, -1641824183L, -759805474L, 103928204L, -487617187L, 
1983016295L, -573387120L, 288805038L, -1908919973L, 579511613L, 
-1402701910L, -1654157240L, 1126328433L, -1083578909L, -227270428L, 
1532996626L, 135096295L, -866218063L, -1132699146L, 1665190932L, 
-445959387L, -1040980945L, -998345240L, -1599528250L, -565720205L, 
-1385450539L, -356459598L, -972636800L, -1703443095L, 1389079003L, 
1286607148L, 1739494202L, -505582097L, -1435559815L, -1312881906L, 
-2631972L, 291759437L, -585008969L, 1617068608L, 1211235102L, 
632381931L, -518337171L, 1924207578L, -1789250152L, -125223935L, 
-1035362893L, 1429374164L, -2059890206L, -2086417289L, 1622741441L, 
-1868461242L, 1619416708L, -956039115L, 746901535L, 1399723896L, 
